-188.82936 -7.23924 -635.31946
-167.04137 -7.23924 -628.3379
-174.30403 14.47848 -621.3564
-203.3547 -21.71772 -663.24554
-174.30403 7.23924 -628.3379
-174.30403 0 -642.30096
-196.09204 -14.47848 -642.30096
-196.09204 -28.95696 -642.30096
-174.30403 0 -649.28253
-167.04137 -7.23924 -656.26404
-203.3547 -28.95696 -635.31946
-203.3547 -21.71772 -635.31946
-174.30403 14.47848 -656.26404
-174.30403 -28.95696 -649.28253
-159.77869 0 -656.26404
-196.09204 -36.1962 -635.31946
-196.09204 -28.95696 -621.3564
-188.82936 -14.47848 -642.30096
-188.82936 0 -642.30096
-181.5667 -7.23924 -642.30096
-174.30403 0 -649.28253
-181.5667 -7.23924 -656.26404
-188.82936 -7.23924 -635.31946
-174.30403 -14.47848 -649.28253
-188.82936 -7.23924 -642.30096
-196.09204 -7.23924 -642.30096
-196.09204 -14.47848 -635.31946
-188.82936 -7.23924 -642.30096
-167.04137 -7.23924 -628.3379
-196.09204 -14.47848 -642.30096
-174.30403 7.23924 -628.3379
-196.09204 -21.71772 -649.28253
-174.30403 -7.23924 -635.31946
-159.77869 -7.23924 -649.28253
-174.30403 -14.47848 -649.28253
-174.30403 -7.23924 -628.3379
-196.09204 -21.71772 -649.28253
-181.5667 -7.23924 -649.28253
-203.3547 -36.1962 -649.28253
-167.04137 14.47848 -635.31946
-210.61737 -28.95696 -635.31946
-181.5667 -7.23924 -635.31946
-174.30403 14.47848 -649.28253
-188.82936 -21.71772 -621.3564
-196.09204 -7.23924 -635.31946
-203.3547 -7.23924 -635.31946
-188.82936 -21.71772 -642.30096
-174.30403 0 -649.28253
-196.09204 -14.47848 -649.28253
-174.30403 7.23924 -656.26404
-181.5667 -7.23924 -635.31946
-181.5667 -14.47848 -642.30096
-188.82936 -7.23924 -649.28253
-181.5667 -7.23924 -642.30096
-188.82936 -14.47848 -649.28253
-188.82936 7.23924 -642.30096
-181.5667 -7.23924 -642.30096
-196.09204 -14.47848 -621.3564
-188.82936 -7.23924 -628.3379
-196.09204 -36.1962 -656.26404
-210.61737 -14.47848 -642.30096
-196.09204 -7.23924 -670.2271
-174.30403 21.71772 -642.30096
-167.04137 -7.23924 -642.30096
-196.09204 -21.71772 -663.24554
-203.3547 -7.23924 -670.2271
-174.30403 7.23924 -649.28253
-159.77869 -7.23924 -642.30096
-181.5667 -14.47848 -656.26404
-181.5667 -14.47848 -649.28253
-167.04137 0 -642.30096
-159.77869 7.23924 -649.28253
-188.82936 -28.95696 -635.31946
-167.04137 7.23924 -642.30096
-188.82936 -21.71772 -621.3564
-181.5667 7.23924 -656.26404
-174.30403 0 -642.30096
-203.3547 -7.23924 -628.3379
-167.04137 0 -656.26404
-167.04137 -7.23924 -656.26404
-181.5667 -7.23924 -649.28253
-174.30403 -7.23924 -649.28253
-181.5667 -21.71772 -656.26404
-188.82936 -21.71772 -663.24554
-174.30403 -14.47848 -635.31946
-181.5667 -7.23924 -663.24554
-181.5667 -14.47848 -663.24554
-188.82936 -7.23924 -642.30096
-188.82936 -28.95696 -656.26404
-174.30403 0 -642.30096
-174.30403 -7.23924 -642.30096
-203.3547 -14.47848 -663.24554
-174.30403 7.23924 -635.31946
-174.30403 0 -642.30096
-210.61737 -14.47848 -663.24554
-174.30403 7.23924 -621.3564
-181.5667 -7.23924 -635.31946
-167.04137 14.47848 -656.26404
-203.3547 -21.71772 -642.30096
-174.30403 7.23924 -649.28253
-174.30403 7.23924 -677.2086
-196.09204 -28.95696 -635.31946
-174.30403 0 -663.24554
-196.09204 -21.71772 -635.31946
-196.09204 -28.95696 -635.31946
-181.5667 -14.47848 -649.28253
-159.77869 -7.23924 -656.26404
-188.82936 -7.23924 -663.24554
-167.04137 0 -635.31946
-167.04137 0 -642.30096
-181.5667 0 -670.2271
-188.82936 -14.47848 -635.31946
-196.09204 -21.71772 -656.26404
-181.5667 -14.47848 -642.30096
-188.82936 -7.23924 -649.28253
-167.04137 7.23924 -642.30096
-203.3547 -21.71772 -663.24554
-159.77869 14.47848 -628.3379
-181.5667 -28.95696 -663.24554
-181.5667 7.23924 -628.3379
-203.3547 -14.47848 -670.2271
-181.5667 21.71772 -649.28253
-188.82936 -7.23924 -656.26404
-188.82936 -28.95696 -663.24554
-210.61737 -28.95696 -670.2271
-167.04137 0 -670.2271
-203.3547 -36.1962 -663.24554
-181.5667 -21.71772 -677.2086
-203.3547 -28.95696 -656.26404
-181.5667 -7.23924 -684.1902
-203.3547 -14.47848 -677.2086
-188.82936 -7.23924 -677.2086
-181.5667 -14.47848 -677.2086
-203.3547 -36.1962 -684.1902
-210.61737 -36.1962 -663.24554
-196.09204 -21.71772 -670.2271
-210.61737 -21.71772 -663.24554
-203.3547 -36.1962 -656.26404
-196.09204 -43.43544 -670.2271
-188.82936 -36.1962 -663.24554
-210.61737 -21.71772 -670.2271
-196.09204 -36.1962 -670.2271
-210.61737 -14.47848 -670.2271
-196.09204 -21.71772 -656.26404
-210.61737 -14.47848 -663.24554
-210.61737 -14.47848 -649.28253
-232.40538 -21.71772 -649.28253
-239.66805 -36.1962 -635.31946
-246.93071 -14.47848 -614.3748
-268.71872 -50.67468 -635.31946
-254.19339 -28.95696 -593.4303
-275.98138 -72.3924 -621.3564
-254.19339 -36.1962 -593.4303
-268.71872 -72.3924 -614.3748
-239.66805 -57.91392 -600.41174
-261.45605 -57.91392 -607.3933
-290.5067 -86.87088 -614.3748
-261.45605 -57.91392 -600.41174
-283.24405 -57.91392 -600.41174
-297.7694 -86.87088 -586.4487
-290.5067 -65.15316 -586.4487
-297.7694 -72.3924 -586.4487
-305.03207 -86.87088 -579.4672
-283.24405 -72.3924 -593.4303
-290.5067 -115.82784 -579.4672
-297.7694 -115.82784 -565.50415
-275.98138 -123.067085 -579.4672
-275.98138 -152.02405 -558.5226
-290.5067 -159.26328 -544.5596
-283.24405 -166.50252 -523.6149
-275.98138 -159.26328 -544.5596
-283.24405 -173.74176 -509.6519
-297.7694 -195.45947 -481.72574
-275.98138 -188.22025 -488.70728
-290.5067 -195.45947 -467.76266
-283.24405 -195.45947 -432.855
-312.2947 -217.1772 -453.79962
-297.7694 -188.22025 -411.9104
-326.82004 -224.41644 -432.855
-290.5067 -202.69872 -404.9289
-297.7694 -231.65569 -439.83655
-312.2947 -195.45947 -404.9289
-319.55737 -246.13417 -411.9104
-312.2947 -217.1772 -383.98428
-305.03207 -260.61264 -383.98428
-305.03207 -231.65569 -356.05814
-305.03207 -267.8519 -342.0951
-275.98138 -238.89493 -342.0951
-297.7694 -267.8519 -342.0951
-297.7694 -267.8519 -321.15048
-305.03207 -275.09113 -314.16895
-283.24405 -231.65569 -321.15048
-290.5067 -282.33035 -279.2613
-261.45605 -224.41644 -300.20587
-275.98138 -282.33035 -251.33517
-254.19339 -231.65569 -286.24283
-268.71872 -304.0481 -230.39058
-275.98138 -231.65569 -272.2798
-268.71872 -289.5696 -244.35364
-268.71872 -238.89493 -258.3167
-254.19339 -289.5696 -230.39058
-283.24405 -246.13417 -258.3167
-268.71872 -238.89493 -251.33517
-254.19339 -275.09113 -230.39058
-239.66805 -275.09113 -202.46445
-275.98138 -253.3734 -230.39058
-246.93071 -267.8519 -202.46445
-254.19339 -238.89493 -209.44597
-275.98138 -253.3734 -188.50137
-268.71872 -209.93796 -167.55678
-275.98138 -224.41644 -188.50137
-261.45605 -224.41644 -139.63065
-268.71872 -202.69872 -146.61218
-283.24405 -224.41644 -153.5937
-275.98138 -238.89493 -181.51984
-275.98138 -260.61264 -195.48291
-268.71872 -260.61264 -181.51984
-275.98138 -202.69872 -160.57524
-283.24405 -253.3734 -188.50137
-261.45605 -217.1772 -167.55678
-261.45605 -267.8519 -181.51984
-261.45605 -209.93796 -153.5937
-261.45605 -282.33035 -153.5937
-246.93071 -195.45947 -160.57524
-254.19339 -188.22025 -153.5937
-217.88004 -296.80884 -90.75992
-232.40538 -188.22025 -153.5937
-210.61737 -304.0481 -83.77839
-217.88004 -188.22025 -139.63065
-181.5667 -318.52655 -55.85226
-181.5667 -195.45947 -125.66759
-130.72803 -325.76578 -20.944597
-196.09204 -202.69872 -125.66759
-72.62668 -318.52655 0
-137.99069 -231.65569 -76.79685
-50.838676 -296.80884 6.9815326
-108.94002 -224.41644 -76.79685
-36.31334 -289.5696 0
-72.62668 -238.89493 -48.870728
14.525336 -238.89493 0
36.31334 -260.61264 6.9815326
94.41468 -246.13417 -6.9815326
152.51604 -253.3734 -20.944597
152.51604 -224.41644 -13.963065
217.88004 -238.89493 -48.870728
268.71872 -238.89493 -83.77839
290.5067 -231.65569 -146.61218
217.88004 -224.41644 -97.741455
312.2947 -253.3734 -167.55678
225.14272 -224.41644 -111.70452
326.82004 -238.89493 -181.51984
261.45605 -238.89493 -160.57524
261.45605 -231.65569 -181.51984
275.98138 -231.65569 -209.44597
283.24405 -231.65569 -230.39058
326.82004 -238.89493 -230.39058
261.45605 -224.41644 -223.40904
312.2947 -260.61264 -216.4275
268.71872 -238.89493 -216.4275
297.7694 -260.61264 -216.4275
239.66805 -260.61264 -230.39058
246.93071 -296.80884 -209.44597
225.14272 -275.09113 -202.46445
232.40538 -296.80884 -181.51984
217.88004 -289.5696 -209.44597
225.14272 -296.80884 -195.48291
-29.050673 -325.76578 -181.51984
-50.838676 -333.00504 -188.50137
-72.62668 -325.76578 -174.53831
-87.152016 -333.00504 -209.44597
-108.94002 -304.0481 -181.51984
-108.94002 -325.76578 -230.39058
-268.71872 -304.0481 -272.2798
-246.93071 -246.13417 -286.24283
-275.98138 -217.1772 -314.16895
-319.55737 -260.61264 -321.15048
-370.39606 -195.45947 -349.07663
-334.08273 -130.30632 -411.9104
-392.18408 -123.067085 -425.87347
-348.60806 -79.63164 -481.72574
-399.44675 -72.3924 -460.78116
-421.23474 -28.95696 -474.7442
-370.39606 14.47848 -516.6334
-413.97208 57.91392 -551.5411
-363.1334 79.63164 -544.5596
-392.18408 130.30632 -565.50415
-341.3454 137.54556 -551.5411
-341.3454 152.02405 -579.4672
-377.65872 195.45947 -600.41174
-326.82004 188.22025 -565.50415
-363.1334 231.65569 -586.4487
-312.2947 224.41644 -593.4303
-283.24405 311.28732 -607.3933
-254.19339 340.24426 -600.41174
-203.3547 376.4405 -628.3379
-159.77869 361.962 -642.30096
-196.09204 398.1582 -614.3748
-159.77869 376.4405 -628.3379
-217.88004 390.91895 -607.3933
-174.30403 354.72275 -628.3379
-217.88004 412.6367 -586.4487
-225.14272 434.3544 -551.5411
-210.61737 383.67972 -572.48566
-254.19339 398.1582 -516.6334
-275.98138 340.24426 -544.5596
-283.24405 325.76578 -551.5411
-348.60806 311.28732 -523.6149
-312.2947 289.5696 -551.5411
-355.87073 296.80884 -544.5596
-355.87073 289.5696 -558.5226
-283.24405 275.09113 -530.5965
-290.5067 275.09113 -537.578
-326.82004 318.52655 -558.5226
-312.2947 311.28732 -572.48566
-239.66805 311.28732 -551.5411
-283.24405 369.20123 -579.4672
-246.93071 361.962 -558.5226
-246.93071 390.91895 -572.48566
-239.66805 369.20123 -558.5226
-239.66805 398.1582 -551.5411
-225.14272 376.4405 -544.5596
-232.40538 405.39743 -530.5965
-232.40538 398.1582 -537.578
-217.88004 419.87592 -537.578
-210.61737 427.11517 -537.578
-239.66805 419.87592 -537.578
-196.09204 448.8329 -516.6334
-210.61737 427.11517 -509.6519
-174.30403 448.8329 -495.6888
-196.09204 470.5506 -495.6888
-159.77869 477.78986 -467.76266
-167.04137 499.50757 -446.81808
-130.72803 477.78986 -460.78116
-130.72803 477.78986 -446.81808
-145.25336 499.50757 -425.87347
-108.94002 499.50757 -439.83655
-101.67735 492.26834 -432.855
-116.20269 528.46454 -418.89194
-72.62668 485.02908 -432.855
-101.67735 550.18225 -432.855
-79.88934 499.50757 -404.9289
-65.36401 492.26834 -377.00275
-94.41468 557.4215 -439.83655
-65.36401 470.5506 -377.00275
-72.62668 571.89996 -418.89194
-14.525336 499.50757 -363.03967
-65.36401 557.4215 -418.89194
-65.36401 557.4215 -425.87347
0 506.7468 -377.00275
-43.576008 542.943 -411.9104
-7.262668 499.50757 -370.0212
-7.262668 513.986 -377.00275
-36.31334 535.7038 -404.9289
-7.262668 521.2253 -383.98428
-36.31334 535.7038 -383.98428
-14.525336 542.943 -390.96582
-36.31334 528.46454 -390.96582
-29.050673 535.7038 -377.00275
-87.152016 528.46454 -390.96582
-123.465355 506.7468 -397.94736
-116.20269 506.7468 -404.9289
-174.30403 521.2253 -425.87347
-167.04137 492.26834 -453.79962
-196.09204 470.5506 -460.78116
-254.19339 448.8329 -495.6888
-275.98138 412.6367 -530.5965
-305.03207 369.20123 -551.5411
-334.08273 347.48352 -537.578
-392.18408 246.13417 -516.6334
-413.97208 231.65569 -509.6519
-370.39606 202.69872 -516.6334
-370.39606 180.981 -530.5965
-421.23474 137.54556 -488.70728
-399.44675 108.5886 -453.79962
-435.76007 115.82784 -467.76266
-421.23474 -14.47848 -397.94736
-421.23474 -36.1962 -411.9104
-413.97208 -21.71772 -404.9289
-428.4974 -57.91392 -411.9104
-399.44675 -50.67468 -383.98428
-406.7094 -108.5886 -397.94736
-377.65872 -94.11012 -342.0951
-370.39606 -123.067085 -307.1874
-384.9214 -180.981 -342.0951
-326.82004 -159.26328 -286.24283
-377.65872 -202.69872 -307.1874
-305.03207 -152.02405 -202.46445
-290.5067 -173.74176 -160.57524
-290.5067 -275.09113 -202.46445
-297.7694 -173.74176 -160.57524
-275.98138 -275.09113 -188.50137
-268.71872 -166.50252 -132.64912
-239.66805 -282.33035 -139.63065
-217.88004 -166.50252 -62.833794
-137.99069 -311.28732 -62.833794
-65.36401 -296.80884 -13.963065
-123.465355 -188.22025 -27.92613
-21.788004 -304.0481 -6.9815326
21.788004 -296.80884 6.9815326
65.36401 -296.80884 6.9815326
94.41468 -275.09113 6.9815326
116.20269 -267.8519 13.963065
58.101345 -224.41644 -6.9815326
101.67735 -224.41644 -27.92613
145.25336 -260.61264 6.9815326
174.30403 -246.13417 0
167.04137 -231.65569 -55.85226
181.5667 -253.3734 -41.889194
174.30403 -231.65569 -48.870728
174.30403 -246.13417 -62.833794
174.30403 -253.3734 -41.889194
145.25336 -260.61264 -62.833794
137.99069 -260.61264 -69.81532
145.25336 -260.61264 -62.833794
137.99069 -267.8519 -41.889194
145.25336 -275.09113 -62.833794
72.62668 -267.8519 -41.889194
58.101345 -253.3734 -34.90766
58.101345 -238.89493 -13.963065
87.152016 -231.65569 0
181.5667 -253.3734 -34.90766
210.61737 -231.65569 -41.889194
239.66805 -224.41644 -27.92613
116.20269 -173.74176 62.833794
94.41468 -180.981 97.741455
225.14272 -188.22025 -20.944597
196.09204 -130.30632 13.963065
29.050673 -115.82784 97.741455
196.09204 -94.11012 27.92613
29.050673 -86.87088 104.722984
174.30403 -94.11012 41.889194
21.788004 -72.3924 111.70452
174.30403 -72.3924 90.75992
36.31334 14.47848 69.81532
36.31334 94.11012 34.90766
159.77869 7.23924 111.70452
36.31334 115.82784 41.889194
58.101345 166.50252 48.870728
58.101345 195.45947 62.833794
58.101345 188.22025 48.870728
72.62668 253.3734 83.77839
29.050673 217.1772 27.92613
65.36401 275.09113 62.833794
21.788004 217.1772 6.9815326
72.62668 275.09113 55.85226
21.788004 224.41644 -20.944597
94.41468 333.00504 69.81532
14.525336 231.65569 -34.90766
108.94002 361.962 62.833794
14.525336 253.3734 -48.870728
101.67735 361.962 55.85226
94.41468 412.6367 27.92613
116.20269 441.59363 -20.944597
94.41468 340.24426 -111.70452
94.41468 456.0721 -62.833794
108.94002 463.31137 -104.722984
116.20269 369.20123 -132.64912
145.25336 448.8329 -111.70452
159.77869 376.4405 -69.81532
181.5667 434.3544 -111.70452
210.61737 405.39743 -83.77839
203.3547 354.72275 -48.870728
217.88004 369.20123 -90.75992
239.66805 340.24426 -62.833794
283.24405 333.00504 -83.77839
297.7694 296.80884 -83.77839
305.03207 289.5696 -76.79685
319.55737 282.33035 -83.77839
334.08273 260.61264 -83.77839
355.87073 253.3734 -104.722984
377.65872 209.93796 -118.68605
384.9214 224.41644 -146.61218
399.44675 188.22025 -153.5937
406.7094 166.50252 -167.55678
435.76007 166.50252 -153.5937
406.7094 115.82784 -181.51984
435.76007 137.54556 -174.53831
435.76007 101.34936 -153.5937
399.44675 50.67468 -181.51984
443.02274 86.87088 -174.53831
406.7094 21.71772 -209.44597
435.76007 28.95696 -160.57524
370.39606 -21.71772 -153.5937
355.87073 -79.63164 -146.61218
392.18408 -94.11012 -139.63065
326.82004 -115.82784 -125.66759
363.1334 -144.7848 -132.64912
312.2947 -246.13417 -153.5937
232.40538 -231.65569 -153.5937
181.5667 -347.48352 -146.61218
36.31334 -296.80884 -181.51984
50.838676 -383.67972 -125.66759
-14.525336 -289.5696 -216.4275
-137.99069 -282.33035 -244.35364
-203.3547 -267.8519 -265.29825
-261.45605 -267.8519 -272.2798
-297.7694 -231.65569 -300.20587
-326.82004 -188.22025 -335.11356
-341.3454 -173.74176 -328.13202
-355.87073 -159.26328 -370.0212
-377.65872 -86.87088 -404.9289
-406.7094 -36.1962 -418.89194
-435.76007 -28.95696 -446.81808
-399.44675 43.43544 -488.70728
-428.4974 65.15316 -509.6519
-377.65872 101.34936 -572.48566
-413.97208 108.5886 -593.4303
-413.97208 137.54556 -614.3748
-319.55737 144.7848 -635.31946
-406.7094 188.22025 -593.4303
-290.5067 130.30632 -649.28253
-428.4974 180.981 -565.50415
-326.82004 123.067085 -621.3564
-457.5481 166.50252 -523.6149
-326.82004 108.5886 -593.4303
-341.3454 86.87088 -467.76266
-551.96277 79.63164 -314.16895
-341.3454 72.3924 -390.96582
-537.43744 43.43544 -223.40904
-348.60806 79.63164 -335.11356
-493.86142 -28.95696 -48.870728
-305.03207 86.87088 -216.4275
-363.1334 -79.63164 48.870728
-297.7694 -79.63164 104.722984
-326.82004 188.22025 -104.722984
-130.72803 -14.47848 167.55678
-297.7694 202.69872 -55.85226
-130.72803 14.47848 139.63065
-130.72803 86.87088 97.741455
-108.94002 94.11012 83.77839
-14.525336 180.981 160.57524
-72.62668 79.63164 90.75992
108.94002 202.69872 174.53831
14.525336 94.11012 76.79685
203.3547 209.93796 160.57524
79.88934 86.87088 41.889194
239.66805 202.69872 139.63065
275.98138 159.26328 125.66759
181.5667 72.3924 55.85226
239.66805 57.91392 41.889194
341.3454 101.34936 41.889194
268.71872 36.1962 34.90766
363.1334 65.15316 -20.944597
384.9214 50.67468 -41.889194
363.1334 -21.71772 -20.944597
297.7694 -43.43544 -6.9815326
341.3454 -86.87088 0
254.19339 -94.11012 -34.90766
239.66805 -115.82784 -41.889194
275.98138 -180.981 -6.9815326
225.14272 -152.02405 -34.90766
268.71872 -195.45947 0
210.61737 -152.02405 -41.889194
203.3547 -166.50252 -62.833794
210.61737 -209.93796 0
181.5667 -224.41644 -6.9815326
174.30403 -209.93796 -27.92613
137.99069 -253.3734 -6.9815326
87.152016 -246.13417 -13.963065
43.576008 -275.09113 0
-50.838676 -253.3734 -6.9815326
-43.576008 -275.09113 -41.889194
-123.465355 -224.41644 0
-145.25336 -282.33035 -62.833794
-181.5667 -180.981 0
-392.18408 -166.50252 -153.5937
-319.55737 -86.87088 -195.48291
-457.5481 -123.067085 -230.39058
-384.9214 -14.47848 -321.15048
-479.3361 -36.1962 -321.15048
-384.9214 50.67468 -397.94736
-399.44675 65.15316 -439.83655
-472.07343 36.1962 -390.96582
-399.44675 130.30632 -481.72574
-428.4974 166.50252 -495.6888
-377.65872 173.74176 -523.6149
-428.4974 195.45947 -551.5411
-406.7094 238.89493 -565.50415
-370.39606 253.3734 -565.50415
-334.08273 246.13417 -551.5411
-341.3454 282.33035 -586.4487
-290.5067 289.5696 -600.41174
-275.98138 311.28732 -600.41174
-275.98138 318.52655 -614.3748
-246.93071 333.00504 -635.31946
-254.19339 333.00504 -621.3564
-246.93071 347.48352 -628.3379
-225.14272 333.00504 -635.31946
-217.88004 325.76578 -642.30096
-210.61737 325.76578 -642.30096
-246.93071 347.48352 -628.3379
-203.3547 318.52655 -663.24554
-268.71872 347.48352 -621.3564
-225.14272 311.28732 -649.28253
-232.40538 318.52655 -635.31946
-283.24405 340.24426 -593.4303
-232.40538 311.28732 -628.3379
-283.24405 333.00504 -600.41174
-254.19339 289.5696 -621.3564
-312.2947 325.76578 -572.48566
-305.03207 282.33035 -579.4672
-348.60806 311.28732 -565.50415
-312.2947 282.33035 -572.48566
-348.60806 325.76578 -558.5226
-297.7694 275.09113 -558.5226
-348.60806 260.61264 -509.6519
-384.9214 260.61264 -523.6149
-392.18408 267.8519 -509.6519
-399.44675 253.3734 -509.6519
-384.9214 238.89493 -481.72574
-413.97208 260.61264 -502.67035
-399.44675 180.981 -439.83655
-428.4974 195.45947 -425.87347
-450.28543 86.87088 -377.00275
-450.28543 65.15316 -356.05814
-457.5481 57.91392 -335.11356
-443.02274 0 -293.22437
-421.23474 -7.23924 -279.2613
-443.02274 -36.1962 -265.29825
-363.1334 -108.5886 -195.48291
-377.65872 -137.54556 -174.53831
-312.2947 -180.981 -146.61218
-283.24405 -166.50252 -111.70452
-232.40538 -188.22025 -104.722984
-232.40538 -253.3734 -104.722984
-196.09204 -209.93796 -90.75992
-188.82936 -217.1772 -90.75992
-188.82936 -282.33035 -83.77839
-145.25336 -282.33035 -83.77839
-137.99069 -267.8519 -97.741455
-123.465355 -304.0481 -62.833794
-123.465355 -253.3734 -104.722984
-101.67735 -325.76578 -69.81532
-101.67735 -325.76578 -90.75992
-137.99069 -282.33035 -139.63065
-108.94002 -318.52655 -118.68605
-152.51604 -296.80884 -181.51984
-123.465355 -311.28732 -132.64912
-152.51604 -296.80884 -181.51984
-123.465355 -311.28732 -160.57524
-159.77869 -311.28732 -188.50137
-167.04137 -296.80884 -202.46445
-167.04137 -304.0481 -202.46445
-167.04137 -304.0481 -209.44597
-159.77869 -311.28732 -230.39058
-145.25336 -311.28732 -230.39058
-152.51604 -333.00504 -237.3721
-152.51604 -340.24426 -258.3167
-167.04137 -296.80884 -258.3167
-159.77869 -347.48352 -286.24283
-159.77869 -304.0481 -272.2798
-174.30403 -340.24426 -335.11356
-181.5667 -296.80884 -314.16895
-188.82936 -289.5696 -314.16895
-174.30403 -333.00504 -314.16895
-167.04137 -318.52655 -300.20587
-174.30403 -289.5696 -293.22437
-188.82936 -333.00504 -272.2798
-174.30403 -304.0481 -307.1874
-167.04137 -333.00504 -265.29825
-174.30403 -333.00504 -300.20587
-174.30403 -296.80884 -342.0951
-159.77869 -318.52655 -335.11356
-203.3547 -289.5696 -363.03967
-196.09204 -311.28732 -363.03967
-210.61737 -282.33035 -370.0212
-225.14272 -275.09113 -363.03967
-232.40538 -275.09113 -383.98428
-239.66805 -267.8519 -411.9104
-239.66805 -267.8519 -404.9289
-232.40538 -267.8519 -432.855
-246.93071 -267.8519 -453.79962
-239.66805 -231.65569 -446.81808
-261.45605 -260.61264 -467.76266
-261.45605 -238.89493 -481.72574
-261.45605 -231.65569 -523.6149
-239.66805 -195.45947 -495.6888
-254.19339 -231.65569 -502.67035
-254.19339 -195.45947 -495.6888
-268.71872 -217.1772 -509.6519
-254.19339 -202.69872 -516.6334
-261.45605 -202.69872 -544.5596
-246.93071 -217.1772 -551.5411
-246.93071 -195.45947 -551.5411
-239.66805 -217.1772 -551.5411
-254.19339 -217.1772 -579.4672
-225.14272 -202.69872 -600.41174
-232.40538 -224.41644 -593.4303
-217.88004 -195.45947 -600.41174
-225.14272 -217.1772 -593.4303
-203.3547 -217.1772 -607.3933
-196.09204 -195.45947 -628.3379
-174.30403 -180.981 -635.31946
-181.5667 -202.69872 -649.28253
-188.82936 -202.69872 -663.24554
-167.04137 -188.22025 -649.28253
-167.04137 -159.26328 -677.2086
-130.72803 -130.30632 -663.24554
-167.04137 -152.02405 -684.1902
-159.77869 -108.5886 -663.24554
-159.77869 -137.54556 -684.1902
-152.51604 -94.11012 -670.2271
-167.04137 -72.3924 -663.24554
-167.04137 -123.067085 -691.1717
-196.09204 -86.87088 -649.28253
-196.09204 -79.63164 -642.30096
-210.61737 -115.82784 -677.2086
-210.61737 -72.3924 -642.30096
-232.40538 -79.63164 -642.30096
-232.40538 -57.91392 -649.28253
-225.14272 -94.11012 -663.24554
-232.40538 -50.67468 -656.26404
-254.19339 -79.63164 -649.28253
-254.19339 -43.43544 -663.24554
-283.24405 -65.15316 -656.26404
-283.24405 -50.67468 -642.30096
-283.24405 -28.95696 -642.30096
-290.5067 -28.95696 -642.30096
-305.03207 -36.1962 -628.3379
-305.03207 -43.43544 -607.3933
-305.03207 -36.1962 -614.3748
-290.5067 -43.43544 -607.3933
-305.03207 -50.67468 -614.3748
-305.03207 -14.47848 -600.41174
-290.5067 -36.1962 -607.3933
-319.55737 -57.91392 -614.3748
-305.03207 -21.71772 -593.4303
-334.08273 -57.91392 -621.3564
-305.03207 -28.95696 -586.4487
-334.08273 -50.67468 -600.41174
-312.2947 -28.95696 -586.4487
-312.2947 -94.11012 -614.3748
-305.03207 -50.67468 -572.48566
-319.55737 -94.11012 -614.3748
-297.7694 -50.67468 -579.4672
-290.5067 -72.3924 -628.3379
-290.5067 -36.1962 -614.3748
-268.71872 -14.47848 -628.3379
-275.98138 -57.91392 -635.31946
-275.98138 -28.95696 -642.30096
-268.71872 -36.1962 -656.26404
-246.93071 -57.91392 -642.30096
-246.93071 -65.15316 -649.28253
-254.19339 -50.67468 -656.26404
-261.45605 -43.43544 -642.30096
-246.93071 -50.67468 -649.28253
-275.98138 -43.43544 -656.26404
-275.98138 -43.43544 -649.28253
-268.71872 -36.1962 -649.28253
-275.98138 -43.43544 -670.2271
-254.19339 -57.91392 -670.2271
-239.66805 -43.43544 -656.26404
-239.66805 -36.1962 -621.3564
-246.93071 -86.87088 -677.2086
-246.93071 -36.1962 -635.31946
-261.45605 -72.3924 -684.1902
-217.88004 -21.71772 -628.3379
-217.88004 -57.91392 -698.15326
-232.40538 0 -663.24554
-239.66805 -43.43544 -705.13477
-217.88004 7.23924 -663.24554
-225.14272 -21.71772 -677.2086
-217.88004 14.47848 -691.1717
-217.88004 0 -698.15326
-196.09204 28.95696 -684.1902
-210.61737 36.1962 -684.1902
-181.5667 57.91392 -719.09784
-196.09204 28.95696 -698.15326
-181.5667 50.67468 -705.13477
-174.30403 57.91392 -719.09784
-167.04137 79.63164 -719.09784
-159.77869 115.82784 -733.0609
-137.99069 101.34936 -733.0609
-152.51604 108.5886 -754.0055
-130.72803 123.067085 -754.0055
-159.77869 130.30632 -747.024
-130.72803 130.30632 -747.024
-145.25336 144.7848 -740.0424
-130.72803 130.30632 -747.024
-145.25336 166.50252 -747.024
-159.77869 152.02405 -754.0055
-152.51604 180.981 -733.0609
-181.5667 144.7848 -740.0424
-137.99069 188.22025 -712.1163
-174.30403 209.93796 -698.15326
-210.61737 166.50252 -726.07935
-174.30403 217.1772 -684.1902
-210.61737 166.50252 -726.07935
-188.82936 238.89493 -670.2271
-196.09204 238.89493 -670.2271
-239.66805 195.45947 -719.09784
-225.14272 188.22025 -698.15326
-225.14272 253.3734 -677.2086
-225.14272 217.1772 -691.1717
-217.88004 238.89493 -677.2086
-225.14272 238.89493 -684.1902
-225.14272 224.41644 -670.2271
-232.40538 224.41644 -677.2086
-246.93071 209.93796 -670.2271
-210.61737 217.1772 -649.28253
-239.66805 209.93796 -698.15326
-254.19339 195.45947 -691.1717
-232.40538 173.74176 -677.2086
-261.45605 188.22025 -677.2086
-246.93071 137.54556 -677.2086
-275.98138 152.02405 -684.1902
-268.71872 130.30632 -698.15326
-275.98138 101.34936 -691.1717
-275.98138 79.63164 -684.1902
-261.45605 79.63164 -663.24554
-283.24405 65.15316 -677.2086
-283.24405 21.71772 -670.2271
-283.24405 43.43544 -649.28253
-305.03207 14.47848 -677.2086
-297.7694 21.71772 -614.3748
-319.55737 0 -649.28253
-326.82004 -7.23924 -572.48566
-363.1334 -43.43544 -586.4487
-334.08273 -7.23924 -579.4672
-377.65872 -36.1962 -600.41174
-334.08273 0 -551.5411
-370.39606 -28.95696 -544.5596
-355.87073 -7.23924 -523.6149
-406.7094 -14.47848 -488.70728
-384.9214 -7.23924 -488.70728
-421.23474 0 -474.7442
-413.97208 36.1962 -425.87347
-421.23474 43.43544 -390.96582
-457.5481 21.71772 -377.00275
-428.4974 79.63164 -342.0951
-450.28543 65.15316 -307.1874
-464.81076 79.63164 -286.24283
-421.23474 108.5886 -265.29825
-443.02274 137.54556 -223.40904
-435.76007 152.02405 -202.46445
-435.76007 166.50252 -167.55678
-413.97208 188.22025 -146.61218
-384.9214 195.45947 -118.68605
-377.65872 202.69872 -97.741455
-392.18408 217.1772 -118.68605
-341.3454 231.65569 -76.79685
-341.3454 238.89493 -90.75992
-341.3454 267.8519 -76.79685
-326.82004 275.09113 -69.81532
-290.5067 282.33035 -48.870728
-319.55737 289.5696 -62.833794
-305.03207 311.28732 -48.870728
-246.93071 318.52655 -27.92613
-283.24405 333.00504 -20.944597
-268.71872 340.24426 -20.944597
-203.3547 333.00504 -27.92613
-246.93071 347.48352 13.963065
-210.61737 376.4405 13.963065
-152.51604 354.72275 -41.889194
-225.14272 369.20123 27.92613
-145.25336 340.24426 -41.889194
-254.19339 369.20123 13.963065
-159.77869 347.48352 -48.870728
-261.45605 354.72275 6.9815326
-181.5667 340.24426 -48.870728
-217.88004 325.76578 -48.870728
-334.08273 325.76578 -20.944597
-275.98138 296.80884 -69.81532
-341.3454 238.89493 -125.66759
-421.23474 209.93796 -132.64912
-377.65872 195.45947 -146.61218
-428.4974 188.22025 -167.55678
-399.44675 159.26328 -181.51984
-457.5481 130.30632 -195.48291
-421.23474 123.067085 -209.44597
-413.97208 57.91392 -251.33517
-435.76007 -14.47848 -293.22437
-421.23474 -65.15316 -342.0951
-406.7094 -86.87088 -342.0951
-370.39606 -152.02405 -397.94736
-341.3454 -152.02405 -383.98428
-297.7694 -188.22025 -411.9104
-305.03207 -217.1772 -439.83655
-275.98138 -260.61264 -446.81808
-239.66805 -238.89493 -418.89194
-174.30403 -253.3734 -425.87347
-181.5667 -325.76578 -474.7442
-123.465355 -267.8519 -439.83655
-123.465355 -340.24426 -502.67035
-101.67735 -267.8519 -439.83655
-72.62668 -282.33035 -439.83655
-50.838676 -354.72275 -523.6149
-43.576008 -253.3734 -453.79962
29.050673 -383.67972 -523.6149
72.62668 -376.4405 -509.6519
7.262668 -246.13417 -460.78116
116.20269 -383.67972 -474.7442
36.31334 -238.89493 -460.78116
145.25336 -383.67972 -446.81808
29.050673 -267.8519 -453.79962
174.30403 -383.67972 -418.89194
43.576008 -260.61264 -481.72574
65.36401 -246.13417 -474.7442
72.62668 -260.61264 -488.70728
79.88934 -260.61264 -502.67035
203.3547 -347.48352 -425.87347
87.152016 -253.3734 -530.5965
181.5667 -325.76578 -467.76266
108.94002 -238.89493 -516.6334
159.77869 -325.76578 -481.72574
101.67735 -267.8519 -509.6519
72.62668 -275.09113 -530.5965
87.152016 -282.33035 -537.578
65.36401 -289.5696 -544.5596
14.525336 -296.80884 -551.5411
-7.262668 -260.61264 -523.6149
-50.838676 -246.13417 -509.6519
-130.72803 -333.00504 -572.48566
-174.30403 -333.00504 -572.48566
-196.09204 -195.45947 -432.855
-210.61737 -188.22025 -418.89194
-210.61737 -325.76578 -544.5596
-254.19339 -180.981 -425.87347
-261.45605 -173.74176 -411.9104
-297.7694 -180.981 -404.9289
-275.98138 -260.61264 -509.6519
-326.82004 -152.02405 -453.79962
-268.71872 -231.65569 -516.6334
-297.7694 -224.41644 -509.6519
-305.03207 -159.26328 -481.72574
-312.2947 -195.45947 -481.72574
-297.7694 -173.74176 -488.70728
-312.2947 -159.26328 -516.6334
-305.03207 -137.54556 -509.6519
-305.03207 -144.7848 -523.6149
-297.7694 -152.02405 -537.578
-319.55737 -144.7848 -537.578
-326.82004 -152.02405 -516.6334
-326.82004 -137.54556 -516.6334
-319.55737 -137.54556 -509.6519
-334.08273 -144.7848 -509.6519
-326.82004 -130.30632 -509.6519
-334.08273 -94.11012 -481.72574
-384.9214 -123.067085 -516.6334
-355.87073 -50.67468 -474.7442
-421.23474 -130.30632 -551.5411
-334.08273 -50.67468 -446.81808
-413.97208 -159.26328 -558.5226
-326.82004 -57.91392 -411.9104
-399.44675 -195.45947 -530.5965
-334.08273 -72.3924 -390.96582
-384.9214 -217.1772 -488.70728
-341.3454 -123.067085 -370.0212
-341.3454 -275.09113 -432.855
-319.55737 -289.5696 -411.9104
-348.60806 -152.02405 -293.22437
-297.7694 -311.28732 -363.03967
-319.55737 -152.02405 -258.3167
-246.93071 -347.48352 -286.24283
-275.98138 -188.22025 -223.40904
-94.41468 -369.20123 -153.5937
-36.31334 -369.20123 -97.741455
-87.152016 -260.61264 -90.75992
29.050673 -325.76578 -62.833794
29.050673 -238.89493 -83.77839
159.77869 -275.09113 -34.90766
72.62668 -217.1772 -62.833794
225.14272 -231.65569 -20.944597
159.77869 -188.22025 -62.833794
246.93071 -144.7848 -41.889194
283.24405 -152.02405 -34.90766
312.2947 -123.067085 -48.870728
297.7694 -101.34936 -76.79685
319.55737 -108.5886 -62.833794
334.08273 -115.82784 -83.77839
326.82004 -65.15316 -69.81532
355.87073 -43.43544 -83.77839
355.87073 -43.43544 -90.75992
355.87073 0 -111.70452
413.97208 43.43544 -83.77839
421.23474 65.15316 -83.77839
355.87073 50.67468 -118.68605
363.1334 72.3924 -111.70452
370.39606 86.87088 -125.66759
421.23474 144.7848 -132.64912
428.4974 152.02405 -132.64912
355.87073 159.26328 -132.64912
348.60806 188.22025 -139.63065
406.7094 260.61264 -202.46445
348.60806 202.69872 -167.55678
377.65872 217.1772 -146.61218
370.39606 231.65569 -160.57524
392.18408 289.5696 -223.40904
377.65872 231.65569 -167.55678
363.1334 296.80884 -216.4275
348.60806 260.61264 -174.53831
348.60806 311.28732 -209.44597
363.1334 260.61264 -188.50137
355.87073 311.28732 -216.4275
363.1334 289.5696 -195.48291
355.87073 296.80884 -181.51984
334.08273 325.76578 -202.46445
355.87073 311.28732 -188.50137
341.3454 333.00504 -209.44597
341.3454 304.0481 -209.44597
355.87073 304.0481 -174.53831
341.3454 304.0481 -174.53831
355.87073 296.80884 -174.53831
384.9214 282.33035 -153.5937
355.87073 253.3734 -181.51984
370.39606 253.3734 -139.63065
399.44675 224.41644 -132.64912
370.39606 152.02405 -153.5937
413.97208 173.74176 -104.722984
428.4974 130.30632 -90.75992
341.3454 14.47848 -76.79685
428.4974 28.95696 -62.833794
421.23474 -21.71772 -76.79685
305.03207 -72.3924 -55.85226
399.44675 -130.30632 -125.66759
246.93071 -173.74176 -48.870728
181.5667 -253.3734 -76.79685
275.98138 -289.5696 -209.44597
101.67735 -318.52655 -146.61218
239.66805 -333.00504 -209.44597
58.101345 -318.52655 -181.51984
145.25336 -361.962 -216.4275
0 -311.28732 -237.3721
14.525336 -383.67972 -223.40904
-36.31334 -376.4405 -258.3167
-137.99069 -282.33035 -328.13202
-174.30403 -325.76578 -300.20587
-232.40538 -253.3734 -363.03967
-232.40538 -304.0481 -342.0951
-261.45605 -238.89493 -377.00275
-348.60806 -137.54556 -446.81808
-355.87073 -137.54556 -474.7442
-355.87073 -79.63164 -474.7442
-377.65872 57.91392 -481.72574
-421.23474 57.91392 -502.67035
-392.18408 79.63164 -502.67035
-435.76007 94.11012 -509.6519
-428.4974 94.11012 -495.6888
-392.18408 101.34936 -488.70728
-450.28543 94.11012 -460.78116
-392.18408 94.11012 -460.78116
-392.18408 94.11012 -446.81808
-399.44675 43.43544 -439.83655
-392.18408 -21.71772 -411.9104
-443.02274 -79.63164 -363.03967
-406.7094 -144.7848 -307.1874
-363.1334 -101.34936 -356.05814
-312.2947 -166.50252 -342.0951
-305.03207 -253.3734 -258.3167
-305.03207 -209.93796 -321.15048
-290.5067 -275.09113 -251.33517
-254.19339 -217.1772 -300.20587
-152.51604 -333.00504 -251.33517
-174.30403 -289.5696 -307.1874
-130.72803 -340.24426 -258.3167
-137.99069 -304.0481 -293.22437
-108.94002 -340.24426 -272.2798
-116.20269 -318.52655 -300.20587
-79.88934 -333.00504 -286.24283
-87.152016 -340.24426 -335.11356
-79.88934 -333.00504 -314.16895
-87.152016 -347.48352 -356.05814
-87.152016 -340.24426 -390.96582
-87.152016 -289.5696 -356.05814
-94.41468 -333.00504 -411.9104
-87.152016 -318.52655 -383.98428
-94.41468 -333.00504 -446.81808
-101.67735 -275.09113 -397.94736
-137.99069 -333.00504 -467.76266
-152.51604 -246.13417 -425.87347
-152.51604 -325.76578 -481.72574
-174.30403 -238.89493 -439.83655
-174.30403 -238.89493 -467.76266
-181.5667 -289.5696 -467.76266
-210.61737 -282.33035 -446.81808
-239.66805 -260.61264 -439.83655
-246.93071 -159.26328 -474.7442
-290.5067 -209.93796 -425.87347
-290.5067 -152.02405 -495.6888
-305.03207 -195.45947 -460.78116
-319.55737 -144.7848 -488.70728
-319.55737 -144.7848 -460.78116
-334.08273 -137.54556 -488.70728
-341.3454 -115.82784 -467.76266
-355.87073 -101.34936 -502.67035
-334.08273 -86.87088 -509.6519
-348.60806 -86.87088 -530.5965
-326.82004 -50.67468 -523.6149
-348.60806 -86.87088 -572.48566
-326.82004 -28.95696 -544.5596
-355.87073 -57.91392 -614.3748
-297.7694 7.23924 -565.50415
-355.87073 -57.91392 -607.3933
-355.87073 -65.15316 -621.3564
-319.55737 -7.23924 -572.48566
-305.03207 -21.71772 -565.50415
-348.60806 -86.87088 -621.3564
-290.5067 -43.43544 -572.48566
-305.03207 -36.1962 -586.4487
-363.1334 -86.87088 -586.4487
-312.2947 -21.71772 -593.4303
-326.82004 -43.43544 -593.4303
-348.60806 -86.87088 -551.5411
-384.9214 -101.34936 -530.5965
-319.55737 -21.71772 -579.4672
-399.44675 -65.15316 -523.6149
-348.60806 -14.47848 -565.50415
-421.23474 -57.91392 -516.6334
-435.76007 -21.71772 -516.6334
-377.65872 7.23924 -537.578
-377.65872 7.23924 -523.6149
-450.28543 65.15316 -509.6519
-443.02274 72.3924 -481.72574
-435.76007 65.15316 -474.7442
-413.97208 65.15316 -467.76266
-435.76007 65.15316 -474.7442
-428.4974 79.63164 -453.79962
-443.02274 57.91392 -481.72574
-421.23474 94.11012 -453.79962
-472.07343 57.91392 -502.67035
-413.97208 108.5886 -432.855
-457.5481 57.91392 -474.7442
-392.18408 86.87088 -411.9104
-399.44675 86.87088 -390.96582
-384.9214 101.34936 -377.00275
-501.12408 86.87088 -349.07663
-392.18408 115.82784 -377.00275
-522.9121 79.63164 -328.13202
-363.1334 94.11012 -383.98428
-522.9121 86.87088 -300.20587
-522.9121 79.63164 -251.33517
-355.87073 123.067085 -370.0212
-355.87073 137.54556 -356.05814
-544.70013 101.34936 -202.46445
-544.70013 86.87088 -202.46445
-334.08273 180.981 -390.96582
-348.60806 180.981 -383.98428
-544.70013 94.11012 -251.33517
-355.87073 173.74176 -397.94736
-522.9121 159.26328 -314.16895
-363.1334 173.74176 -370.0212
-377.65872 173.74176 -383.98428
-501.12408 209.93796 -404.9289
-377.65872 159.26328 -363.03967
-493.86142 238.89493 -425.87347
-384.9214 188.22025 -363.03967
-450.28543 253.3734 -446.81808
-392.18408 188.22025 -397.94736
-443.02274 238.89493 -460.78116
-413.97208 209.93796 -446.81808
-428.4974 238.89493 -474.7442
-399.44675 246.13417 -481.72574
-428.4974 188.22025 -516.6334
-334.08273 209.93796 -551.5411
-428.4974 188.22025 -586.4487
-290.5067 173.74176 -621.3564
-268.71872 180.981 -635.31946
-406.7094 173.74176 -621.3564
-399.44675 188.22025 -649.28253
-254.19339 159.26328 -670.2271
-363.1334 202.69872 -656.26404
-254.19339 130.30632 -677.2086
-355.87073 246.13417 -656.26404
-254.19339 108.5886 -670.2271
-348.60806 246.13417 -663.24554
-341.3454 267.8519 -677.2086
-261.45605 115.82784 -614.3748
-334.08273 282.33035 -684.1902
-348.60806 289.5696 -698.15326
-254.19339 152.02405 -593.4303
-232.40538 159.26328 -572.48566
-210.61737 166.50252 -558.5226
-341.3454 325.76578 -684.1902
-225.14272 188.22025 -565.50415
-341.3454 325.76578 -670.2271
-232.40538 238.89493 -544.5596
-319.55737 340.24426 -649.28253
-210.61737 238.89493 -565.50415
-312.2947 347.48352 -621.3564
-239.66805 275.09113 -565.50415
-290.5067 333.00504 -614.3748
-254.19339 296.80884 -572.48566
-305.03207 325.76578 -593.4303
-326.82004 311.28732 -530.5965
-334.08273 282.33035 -509.6519
-377.65872 253.3734 -460.78116
-406.7094 260.61264 -460.78116
-428.4974 238.89493 -467.76266
-384.9214 253.3734 -446.81808
-384.9214 238.89493 -432.855
-399.44675 217.1772 -411.9104
-464.81076 180.981 -377.00275
-399.44675 195.45947 -370.0212
-384.9214 195.45947 -342.0951
-501.12408 180.981 -286.24283
-384.9214 180.981 -328.13202
-501.12408 173.74176 -237.3721
-377.65872 180.981 -265.29825
-501.12408 137.54556 -160.57524
-363.1334 173.74176 -230.39058
-355.87073 173.74176 -195.48291
-334.08273 166.50252 -146.61218
-421.23474 57.91392 6.9815326
-319.55737 180.981 -111.70452
-355.87073 57.91392 0
-355.87073 65.15316 13.963065
-334.08273 152.02405 -69.81532
-305.03207 65.15316 48.870728
-319.55737 159.26328 -27.92613
-283.24405 65.15316 41.889194
-305.03207 152.02405 -34.90766
-268.71872 86.87088 48.870728
-275.98138 152.02405 13.963065
-239.66805 123.067085 69.81532
-239.66805 180.981 55.85226
-225.14272 152.02405 62.833794
-225.14272 173.74176 55.85226
-196.09204 173.74176 62.833794
-196.09204 152.02405 76.79685
-145.25336 152.02405 104.722984
-123.465355 180.981 146.61218
-123.465355 159.26328 104.722984
-108.94002 173.74176 146.61218
-79.88934 166.50252 104.722984
-50.838676 195.45947 118.68605
-58.101345 101.34936 202.46445
-29.050673 202.69872 118.68605
-14.525336 -7.23924 237.3721
0 -57.91392 258.3167
29.050673 -65.15316 286.24283
-21.788004 296.80884 34.90766
94.41468 -108.5886 356.05814
-72.62668 267.8519 13.963065
130.72803 -123.067085 356.05814
-79.88934 260.61264 -6.9815326
152.51604 -108.5886 335.11356
-87.152016 224.41644 6.9815326
-72.62668 173.74176 34.90766
152.51604 -101.34936 279.2613
-65.36401 144.7848 34.90766
-36.31334 101.34936 69.81532
108.94002 -79.63164 188.50137
21.788004 -14.47848 90.75992
101.67735 -101.34936 139.63065
58.101345 -130.30632 69.81532
94.41468 -108.5886 153.5937
50.838676 -144.7848 62.833794
94.41468 -94.11012 160.57524
50.838676 -173.74176 55.85226
21.788004 -231.65569 13.963065
29.050673 -72.3924 181.51984
0 -282.33035 -20.944597
-79.88934 -79.63164 160.57524
-123.465355 -101.34936 118.68605
-36.31334 -325.76578 -41.889194
-130.72803 -101.34936 97.741455
-65.36401 -333.00504 -48.870728
-101.67735 -325.76578 -48.870728
-188.82936 -101.34936 0
-108.94002 -325.76578 -48.870728
-196.09204 -130.30632 -69.81532
-152.51604 -325.76578 -20.944597
-203.3547 -144.7848 -104.722984
-159.77869 -333.00504 -34.90766
-217.88004 -152.02405 -139.63065
-188.82936 -340.24426 -55.85226
-225.14272 -152.02405 -202.46445
-203.3547 -311.28732 -83.77839
-268.71872 -159.26328 -202.46445
-312.2947 -144.7848 -230.39058
-297.7694 -217.1772 -139.63065
-341.3454 -159.26328 -167.55678
-384.9214 -94.11012 -209.44597
-421.23474 -50.67468 -223.40904
-428.4974 -43.43544 -258.3167
-399.44675 -36.1962 -237.3721
-443.02274 -28.95696 -335.11356
-435.76007 36.1962 -321.15048
-457.5481 -7.23924 -370.0212
-421.23474 43.43544 -342.0951
-406.7094 50.67468 -370.0212
-472.07343 43.43544 -411.9104
-413.97208 50.67468 -390.96582
-479.3361 50.67468 -404.9289
-392.18408 72.3924 -418.89194
-384.9214 101.34936 -474.7442
-392.18408 115.82784 -488.70728
-486.59875 152.02405 -390.96582
-508.38678 180.981 -390.96582
-363.1334 137.54556 -495.6888
-486.59875 209.93796 -404.9289
-464.81076 238.89493 -467.76266
-370.39606 180.981 -377.00275
-457.5481 275.09113 -439.83655
-457.5481 296.80884 -432.855
-392.18408 217.1772 -342.0951
-457.5481 304.0481 -370.0212
-392.18408 231.65569 -321.15048
-443.02274 289.5696 -349.07663
-392.18408 260.61264 -293.22437
-428.4974 282.33035 -300.20587
-406.7094 267.8519 -258.3167
-399.44675 275.09113 -237.3721
-370.39606 325.76578 -174.53831
-406.7094 267.8519 -223.40904
-370.39606 361.962 -104.722984
-384.9214 246.13417 -216.4275
-363.1334 369.20123 -104.722984
-370.39606 224.41644 -230.39058
-326.82004 209.93796 -244.35364
-377.65872 434.3544 -41.889194
-319.55737 195.45947 -244.35364
-254.19339 180.981 -237.3721
-428.4974 448.8329 13.963065
-239.66805 173.74176 -230.39058
-413.97208 427.11517 6.9815326
-384.9214 383.67972 0
-377.65872 347.48352 -13.963065
-225.14272 282.33035 -69.81532
-355.87073 325.76578 -13.963065
-239.66805 275.09113 -83.77839
-254.19339 289.5696 -83.77839
-319.55737 260.61264 -13.963065
-283.24405 267.8519 -83.77839
-246.93071 202.69872 34.90766
-290.5067 260.61264 -34.90766
-275.98138 231.65569 0
-254.19339 108.5886 20.944597
-239.66805 202.69872 34.90766
-283.24405 50.67468 6.9815326
-275.98138 43.43544 -20.944597
-196.09204 159.26328 90.75992
-290.5067 28.95696 -6.9815326
-283.24405 -7.23924 -13.963065
-232.40538 123.067085 104.722984
-268.71872 -7.23924 -27.92613
-261.45605 86.87088 83.77839
-254.19339 0 -41.889194
-290.5067 14.47848 62.833794
-246.93071 0 -34.90766
-312.2947 -36.1962 55.85226
-246.93071 28.95696 -62.833794
-225.14272 43.43544 -83.77839
-363.1334 -123.067085 76.79685
-217.88004 43.43544 -118.68605
-377.65872 -166.50252 90.75992
-254.19339 72.3924 -167.55678
-319.55737 72.3924 -202.46445
-384.9214 -123.067085 -41.889194
-370.39606 28.95696 -209.44597
-370.39606 -115.82784 -76.79685
-377.65872 21.71772 -202.46445
-384.9214 -72.3924 -104.722984
-392.18408 21.71772 -202.46445
-399.44675 0 -195.48291
-421.23474 21.71772 -195.48291
-428.4974 0 -181.51984
-428.4974 28.95696 -223.40904
-428.4974 36.1962 -230.39058
-450.28543 57.91392 -244.35364
-457.5481 94.11012 -258.3167
-428.4974 86.87088 -279.2613
-399.44675 115.82784 -314.16895
-486.59875 130.30632 -314.16895
-399.44675 94.11012 -349.07663
-501.12408 130.30632 -321.15048
-399.44675 94.11012 -404.9289
-493.86142 144.7848 -349.07663
-392.18408 101.34936 -432.855
-508.38678 159.26328 -342.0951
-501.12408 152.02405 -356.05814
-508.38678 180.981 -356.05814
-370.39606 123.067085 -453.79962
-501.12408 195.45947 -370.0212
-377.65872 108.5886 -467.76266
-508.38678 195.45947 -363.03967
-377.65872 130.30632 -474.7442
-479.3361 224.41644 -418.89194
-464.81076 238.89493 -474.7442
-377.65872 166.50252 -467.76266
-472.07343 238.89493 -495.6888
-370.39606 166.50252 -467.76266
-421.23474 246.13417 -579.4672
-341.3454 188.22025 -530.5965
-392.18408 260.61264 -614.3748
-334.08273 195.45947 -572.48566
-392.18408 267.8519 -649.28253
-326.82004 209.93796 -600.41174
-326.82004 267.8519 -677.2086
-297.7694 246.13417 -649.28253
-319.55737 275.09113 -663.24554
-290.5067 246.13417 -642.30096
-246.93071 267.8519 -684.1902
-254.19339 267.8519 -663.24554
-210.61737 246.13417 -712.1163
-203.3547 267.8519 -712.1163
-203.3547 246.13417 -747.024
-188.82936 238.89493 -760.98706
-196.09204 275.09113 -747.024
-152.51604 246.13417 -760.98706
-116.20269 282.33035 -788.91315
-130.72803 224.41644 -795.8947
-137.99069 260.61264 -802.8762
-116.20269 209.93796 -788.91315
-108.94002 217.1772 -788.91315
-94.41468 202.69872 -774.9501
-72.62668 246.13417 -830.80237
-79.88934 195.45947 -774.9501
-72.62668 260.61264 -823.8208
-79.88934 180.981 -781.93164
-58.101345 253.3734 -844.76544
-58.101345 173.74176 -781.93164
-58.101345 224.41644 -865.71
-58.101345 202.69872 -858.7285
-43.576008 217.1772 -865.71
-7.262668 144.7848 -802.8762
29.050673 166.50252 -774.9501
7.262668 188.22025 -823.8208
29.050673 166.50252 -781.93164
36.31334 166.50252 -788.91315
21.788004 173.74176 -788.91315
14.525336 173.74176 -795.8947
14.525336 180.981 -802.8762
7.262668 180.981 -802.8762
0 188.22025 -795.8947
-14.525336 188.22025 -795.8947
-21.788004 188.22025 -788.91315
-29.050673 209.93796 -767.96857
-36.31334 173.74176 -788.91315
-58.101345 209.93796 -788.91315
-87.152016 231.65569 -795.8947
-94.41468 202.69872 -788.91315
-108.94002 202.69872 -781.93164
-123.465355 253.3734 -767.96857
-130.72803 217.1772 -774.9501
-137.99069 267.8519 -781.93164
-130.72803 282.33035 -774.9501
-174.30403 296.80884 -754.0055
-188.82936 224.41644 -719.09784
-196.09204 296.80884 -767.96857
-188.82936 231.65569 -698.15326
-217.88004 311.28732 -747.024
-239.66805 224.41644 -614.3748
-305.03207 311.28732 -670.2271
-261.45605 231.65569 -607.3933
-319.55737 296.80884 -649.28253
-283.24405 231.65569 -607.3933
-326.82004 296.80884 -628.3379
-319.55737 231.65569 -565.50415
-377.65872 282.33035 -593.4303
-334.08273 231.65569 -544.5596
-384.9214 260.61264 -565.50415
-370.39606 224.41644 -495.6888
-406.7094 238.89493 -523.6149
-406.7094 202.69872 -474.7442
-428.4974 180.981 -425.87347
-450.28543 166.50252 -418.89194
-435.76007 152.02405 -404.9289
-435.76007 180.981 -390.96582
-435.76007 159.26328 -390.96582
-428.4974 115.82784 -328.13202
-450.28543 108.5886 -307.1874
-428.4974 94.11012 -314.16895
-472.07343 94.11012 -286.24283
-413.97208 86.87088 -300.20587
-472.07343 79.63164 -258.3167
-406.7094 43.43544 -279.2613
-464.81076 28.95696 -167.55678
-479.3361 21.71772 -146.61218
-326.82004 21.71772 -237.3721
-319.55737 0 -202.46445
-305.03207 7.23924 -160.57524
-384.9214 -108.5886 0
-305.03207 14.47848 -167.55678
-370.39606 -144.7848 0
-341.3454 -152.02405 20.944597
-283.24405 7.23924 -118.68605
-261.45605 -166.50252 69.81532
-283.24405 -21.71772 -83.77839
-232.40538 -195.45947 83.77839
-283.24405 -14.47848 -69.81532
-174.30403 -180.981 55.85226
-254.19339 -108.5886 -13.963065
-181.5667 -180.981 69.81532
-210.61737 -123.067085 6.9815326
-159.77869 -159.26328 34.90766
-203.3547 -137.54556 20.944597
-145.25336 -152.02405 41.889194
-167.04137 -166.50252 13.963065
-145.25336 -152.02405 41.889194
-159.77869 -195.45947 -6.9815326
-152.51604 -130.30632 76.79685
-174.30403 -209.93796 -20.944597
-145.25336 -217.1772 -20.944597
-159.77869 -231.65569 -20.944597
-203.3547 -115.82784 55.85226
-152.51604 -231.65569 -34.90766
-246.93071 -79.63164 6.9815326
-196.09204 -217.1772 -13.963065
-254.19339 -72.3924 -27.92613
-225.14272 -195.45947 20.944597
-261.45605 -57.91392 -20.944597
-232.40538 -180.981 55.85226
-283.24405 -50.67468 -41.889194
-239.66805 -180.981 62.833794
-268.71872 -43.43544 -55.85226
-275.98138 -57.91392 -62.833794
-217.88004 -166.50252 48.870728
-283.24405 -65.15316 -62.833794
-210.61737 -144.7848 41.889194
-305.03207 -57.91392 -48.870728
-210.61737 -144.7848 34.90766
-297.7694 -65.15316 -27.92613
-239.66805 -130.30632 34.90766
-297.7694 -72.3924 -6.9815326
-225.14272 -115.82784 27.92613
-275.98138 -79.63164 -13.963065
-254.19339 -108.5886 34.90766
-283.24405 -57.91392 -13.963065
-290.5067 -86.87088 0
-254.19339 -57.91392 20.944597
-275.98138 -86.87088 -13.963065
-275.98138 -43.43544 34.90766
-275.98138 -94.11012 0
-283.24405 -57.91392 55.85226
-268.71872 -86.87088 -13.963065
-261.45605 -94.11012 -13.963065
-290.5067 -14.47848 48.870728
-283.24405 7.23924 41.889194
-268.71872 -101.34936 -13.963065
-290.5067 7.23924 55.85226
-312.2947 43.43544 55.85226
-290.5067 57.91392 6.9815326
-283.24405 -123.067085 27.92613
-290.5067 65.15316 -13.963065
-283.24405 -115.82784 69.81532
-312.2947 86.87088 -69.81532
-290.5067 -144.7848 76.79685
-319.55737 108.5886 -76.79685
-261.45605 -130.30632 69.81532
-384.9214 79.63164 -125.66759
-283.24405 -101.34936 41.889194
-392.18408 65.15316 -132.64912
-326.82004 -65.15316 -20.944597
-399.44675 7.23924 -111.70452
-326.82004 -43.43544 -34.90766
-399.44675 0 -118.68605
-341.3454 -28.95696 -41.889194
-399.44675 -7.23924 -118.68605
-355.87073 -14.47848 -55.85226
-399.44675 -21.71772 -118.68605
-348.60806 0 -41.889194
-399.44675 -28.95696 -118.68605
-355.87073 28.95696 -48.870728
-428.4974 -36.1962 -146.61218
-348.60806 50.67468 -48.870728
-464.81076 -21.71772 -181.51984
-450.28543 -14.47848 -167.55678
-472.07343 -21.71772 -160.57524
-508.38678 -7.23924 -139.63065
-334.08273 115.82784 -160.57524
-522.9121 -28.95696 -118.68605
-305.03207 166.50252 -307.1874
-566.4881 -43.43544 -69.81532
-305.03207 180.981 -356.05814
-566.4881 -50.67468 -76.79685
-305.03207 166.50252 -377.00275
-559.22546 -57.91392 -104.722984
-341.3454 173.74176 -383.98428
-551.96277 -65.15316 -132.64912
-537.43744 -43.43544 -153.5937
-363.1334 137.54556 -370.0212
-501.12408 -14.47848 -230.39058
-399.44675 108.5886 -363.03967
-421.23474 101.34936 -356.05814
-428.4974 79.63164 -335.11356
-479.3361 57.91392 -328.13202
-435.76007 86.87088 -356.05814
-428.4974 94.11012 -356.05814
-472.07343 43.43544 -425.87347
-479.3361 57.91392 -446.81808
-399.44675 123.067085 -370.0212
-377.65872 130.30632 -370.0212
-515.6494 43.43544 -474.7442
-348.60806 123.067085 -411.9104
-559.22546 79.63164 -453.79962
-312.2947 130.30632 -460.78116
-290.5067 137.54556 -502.67035
-268.71872 130.30632 -523.6149
-283.24405 137.54556 -523.6149
-602.80145 123.067085 -349.07663
-268.71872 152.02405 -551.5411
-595.5388 144.7848 -328.13202
-239.66805 188.22025 -530.5965
-639.11475 123.067085 -321.15048
-246.93071 188.22025 -516.6334
-646.37744 115.82784 -349.07663
-254.19339 188.22025 -474.7442
-312.2947 144.7848 -383.98428
-573.7508 217.1772 -446.81808
-355.87073 123.067085 -383.98428
-486.59875 238.89493 -453.79962
-377.65872 144.7848 -390.96582
-486.59875 217.1772 -425.87347
-406.7094 152.02405 -370.0212
-457.5481 159.26328 -418.89194
-464.81076 144.7848 -432.855
-392.18408 238.89493 -377.00275
-472.07343 130.30632 -446.81808
-355.87073 253.3734 -349.07663
-530.17474 130.30632 -467.76266
-334.08273 260.61264 -356.05814
-297.7694 224.41644 -370.0212
-275.98138 231.65569 -390.96582
-595.5388 144.7848 -411.9104
-617.3268 166.50252 -397.94736
-246.93071 188.22025 -446.81808
-646.37744 195.45947 -321.15048
-653.6401 195.45947 -286.24283
-196.09204 180.981 -530.5965
-682.6908 202.69872 -230.39058
-188.82936 173.74176 -572.48566
-682.6908 202.69872 -216.4275
-188.82936 180.981 -558.5226
-203.3547 224.41644 -558.5226
-653.6401 152.02405 -265.29825
-210.61737 224.41644 -495.6888
-639.11475 159.26328 -286.24283
-239.66805 217.1772 -425.87347
-268.71872 180.981 -404.9289
-297.7694 166.50252 -390.96582
-559.22546 238.89493 -425.87347
-508.38678 238.89493 -425.87347
-370.39606 144.7848 -342.0951
-486.59875 246.13417 -418.89194
-450.28543 152.02405 -404.9289
-428.4974 231.65569 -370.0212
-464.81076 137.54556 -411.9104
-399.44675 231.65569 -356.05814
-515.6494 152.02405 -404.9289
-581.0134 173.74176 -383.98428
-588.2761 195.45947 -363.03967
-246.93071 159.26328 -432.855
-653.6401 217.1772 -272.2798
-217.88004 144.7848 -523.6149
-653.6401 217.1772 -223.40904
-653.6401 166.50252 -230.39058
-217.88004 188.22025 -502.67035
-668.16547 137.54556 -244.35364
-617.3268 144.7848 -286.24283
-283.24405 202.69872 -439.83655
-290.5067 173.74176 -411.9104
-595.5388 144.7848 -335.11356
-551.96277 166.50252 -377.00275
-370.39606 115.82784 -356.05814
-377.65872 101.34936 -349.07663
-486.59875 152.02405 -404.9289
-421.23474 101.34936 -377.00275
-435.76007 79.63164 -356.05814
-443.02274 101.34936 -383.98428
-443.02274 137.54556 -377.00275
-457.5481 101.34936 -397.94736
-464.81076 130.30632 -370.0212
-464.81076 86.87088 -404.9289
-421.23474 144.7848 -363.03967
-413.97208 130.30632 -356.05814
-479.3361 94.11012 -404.9289
-428.4974 137.54556 -363.03967
-501.12408 86.87088 -425.87347
-392.18408 144.7848 -363.03967
-501.12408 86.87088 -411.9104
-392.18408 123.067085 -370.0212
-522.9121 101.34936 -404.9289
-392.18408 115.82784 -383.98428
-522.9121 94.11012 -363.03967
-522.9121 108.5886 -363.03967
-363.1334 86.87088 -439.83655
-522.9121 108.5886 -356.05814
-537.43744 123.067085 -342.0951
-370.39606 108.5886 -453.79962
-522.9121 94.11012 -335.11356
-508.38678 86.87088 -328.13202
-363.1334 123.067085 -425.87347
-377.65872 123.067085 -439.83655
-522.9121 86.87088 -349.07663
-508.38678 94.11012 -363.03967
-406.7094 115.82784 -411.9104
-384.9214 115.82784 -390.96582
-479.3361 86.87088 -370.0212
-421.23474 86.87088 -370.0212
-472.07343 108.5886 -377.00275
-435.76007 86.87088 -370.0212
-472.07343 115.82784 -377.00275
-435.76007 79.63164 -370.0212
-472.07343 108.5886 -363.03967
-443.02274 79.63164 -356.05814
-457.5481 108.5886 -356.05814
-457.5481 101.34936 -363.03967
-464.81076 108.5886 -356.05814
-428.4974 108.5886 -349.07663
-457.5481 79.63164 -370.0212
-457.5481 86.87088 -377.00275
-428.4974 108.5886 -363.03967
-435.76007 101.34936 -356.05814
-479.3361 86.87088 -377.00275
-493.86142 86.87088 -377.00275
-413.97208 101.34936 -356.05814
-486.59875 94.11012 -370.0212
-399.44675 108.5886 -377.00275
-392.18408 101.34936 -390.96582
-501.12408 86.87088 -342.0951
-413.97208 79.63164 -404.9289
-508.38678 79.63164 -335.11356
-501.12408 86.87088 -349.07663
-413.97208 86.87088 -404.9289
-493.86142 65.15316 -356.05814
-479.3361 43.43544 -370.0212
-421.23474 86.87088 -411.9104
-486.59875 72.3924 -370.0212
-421.23474 94.11012 -377.00275
-479.3361 65.15316 -363.03967
-435.76007 86.87088 -383.98428
-457.5481 65.15316 -377.00275
-435.76007 86.87088 -377.00275
-450.28543 72.3924 -383.98428
-450.28543 86.87088 -377.00275
-450.28543 79.63164 -377.00275
-457.5481 72.3924 -383.98428
-457.5481 79.63164 -377.00275
-450.28543 79.63164 -390.96582
-457.5481 79.63164 -383.98428
-450.28543 86.87088 -383.98428
-457.5481 86.87088 -383.98428
-450.28543 65.15316 -397.94736
-435.76007 79.63164 -404.9289
-450.28543 57.91392 -425.87347
-421.23474 65.15316 -397.94736
-472.07343 50.67468 -404.9289
-443.02274 86.87088 -356.05814
-435.76007 94.11012 -363.03967
-472.07343 79.63164 -390.96582
-421.23474 86.87088 -390.96582
-479.3361 57.91392 -349.07663
-428.4974 86.87088 -390.96582
-486.59875 50.67468 -335.11356
-413.97208 79.63164 -397.94736
-472.07343 57.91392 -342.0951
-421.23474 79.63164 -383.98428
-479.3361 43.43544 -363.03967
-428.4974 65.15316 -404.9289
-428.4974 79.63164 -383.98428
-464.81076 79.63164 -377.00275
-464.81076 86.87088 -370.0212
-443.02274 86.87088 -363.03967
-450.28543 86.87088 -356.05814
-464.81076 101.34936 -349.07663
-435.76007 101.34936 -335.11356
-428.4974 123.067085 -335.11356
-450.28543 108.5886 -342.0951
-443.02274 130.30632 -335.11356
-443.02274 123.067085 -342.0951
-457.5481 123.067085 -377.00275
-428.4974 152.02405 -356.05814
-457.5481 130.30632 -363.03967
-421.23474 159.26328 -377.00275
-464.81076 159.26328 -370.0212
-443.02274 166.50252 -377.00275
-450.28543 166.50252 -342.0951
-413.97208 166.50252 -363.03967
-443.02274 159.26328 -356.05814
-457.5481 166.50252 -335.11356
-421.23474 209.93796 -356.05814
-457.5481 180.981 -335.11356
-421.23474 188.22025 -370.0212
-450.28543 180.981 -342.0951
-413.97208 202.69872 -363.03967
-413.97208 -7.23924 -6.9815326
-413.97208 202.69872 -363.03967
-443.02274 202.69872 -342.0951
-413.97208 217.1772 -342.0951
-413.97208 260.61264 -307.1874
-392.18408 260.61264 -300.20587
-392.18408 -1570.915 -6.9815326
-392.18408 260.61264 -300.20587
-413.97208 253.3734 -293.22437
-406.7094 267.8519 -293.22437
-421.23474 282.33035 -300.20587
-384.9214 282.33035 -286.24283
-392.18408 282.33035 -300.20587
-413.97208 282.33035 -272.2798
-392.18408 289.5696 -286.24283
-413.97208 282.33035 -286.24283
-377.65872 296.80884 -300.20587
-406.7094 289.5696 -286.24283
-384.9214 282.33035 -314.16895
-413.97208 275.09113 -286.24283
-377.65872 289.5696 -279.2613
-399.44675 289.5696 -251.33517
-370.39606 296.80884 -251.33517
-406.7094 296.80884 -244.35364
-377.65872 289.5696 -237.3721
-363.1334 318.52655 -216.4275
-399.44675 311.28732 -223.40904
-384.9214 304.0481 -216.4275
-377.65872 311.28732 -195.48291
-363.1334 311.28732 -223.40904
-370.39606 304.0481 -230.39058
-384.9214 304.0481 -195.48291
-370.39606 304.0481 -202.46445
-355.87073 289.5696 -174.53831
-363.1334 304.0481 -181.51984
-355.87073 289.5696 -188.50137
-370.39606 304.0481 -181.51984
-363.1334 289.5696 -209.44597
-355.87073 296.80884 -188.50137
-363.1334 304.0481 -195.48291
-384.9214 296.80884 -202.46445
-363.1334 311.28732 -202.46445
-377.65872 311.28732 -195.48291
-384.9214 304.0481 -188.50137
-341.3454 296.80884 -202.46445
-355.87073 275.09113 -195.48291
-377.65872 311.28732 -188.50137
-363.1334 304.0481 -181.51984
-355.87073 304.0481 -174.53831
-363.1334 289.5696 -181.51984
-341.3454 296.80884 -188.50137
-370.39606 311.28732 -174.53831
-348.60806 282.33035 -195.48291
-363.1334 304.0481 -174.53831
-348.60806 304.0481 -167.55678
-355.87073 296.80884 -160.57524
-348.60806 289.5696 -167.55678
-355.87073 296.80884 -167.55678
-355.87073 289.5696 -160.57524
-377.65872 296.80884 -167.55678
-348.60806 304.0481 -153.5937
-348.60806 289.5696 -167.55678
-363.1334 304.0481 -181.51984
0 0 12510.906
0 0 0
21.788004 135279.67 1075.156
0 0 0
0 0 55405.44
0 0 0
-7.262668 -7.23924 -6.9815326
0 0 0
0 926.62274 0
0 0 0
